00000000000000000000000000000000000000000000000000000000000000000000000000000000
00000000000000000000000000000000000000000000000000000000000000000000000000000000
00000000000000000000000000000000000000000000000000000000000000000000000000000000
00000000000000000000000000000000000000000000000000000000000000000000000000000000
00000000000000000000000000000000000000000000000000000000000000000000000000000000
00000000000000000000000000000000000000000000000000000000000000000000000000000000
00000000000000000000000000011110001111000000000000000000000000000000000000000000
00000000000000000000000000100010001000100000000000000000000000000000000000000000
00000000000000000000000000100010001000100000000000000000000000000000000000000000
00000000000000000000000000100010001000100000000000000000000000000000000000000000
00000000000000000000000000011110001111000000000000000000000000000000000000000000
00000000000000000000000000000000000000000000000000000000000000000000000000000000
00000000000000000000000000011110001111000000000000000000000000000000000000000000
00000000000000000000000000100010001000100000000000000000000000000000000000000000
00000000000000000000000000100010001000100000000000000000000000000000000000000000
00000000000000000000000000100010001000100000000000000000000000000000000000000000
00000000000000000000000000011110001111000000000000000000000000000000000000000000
00000000000000000000000000000000000000000000000000000000000000000000000000000000
00000000000000000000000000000000000000000000000000000000000000000000000000000000
00000000000000000000000000000000000000000000000000000000000000000000000000000000
00000000000000000000000000000000000000000000000000000000000000000000000000000000
00000000000000000000000000000000000000000000000000000000000000000000000000000000
00000000000000000000000000000000000000000000000000000000000000000000000000000000
00000000000000000000000000000000000000000000000000000000000000000000000000000000
00000000000000000000000000000000000000000000000000000000000000000000000000000000