00101001010010100101001010010100101001010010100101001010010100101001010010100101
01010010100101001010010100101001010010100101001010010100101001010010100101001010
10010100101001010010100101001010010100101001010010100101001010010100101001010010
00101001010010100101001010010100101001010010100101001010010100101001010010100101
01010010100101001010010100101001010010100101001010010100101001010010100101001010
10010100101001010010100101001010010100101001010010100101001010010100101001010010
00101001010010100101001010010100101001010010100101001010010100101001010010100101
01010010100101001010010100101001010010100101001010010100101001010010100101001010
10010100101001010010100101001010010100101001010010100101001010010100101001010010
00101001010010100101001010010100101001010010100101001010010100101001010010100101
01010010100101001010010100101001010010100101001010010100101001010010100101001010
10010100101001010010100101001010010100101001010010100101001010010100101001010010
00101001010010100101001010010100101001010010100101001010010100101001010010100101
01010010100101001010010100101001010010100101001010010100101001010010100101001010
10010100101001010010100101001010010100101001010010100101001010010100101001010010
00101001010010100101001010010100101001010010100101001010010100101001010010100101
01010010100101001010010100101001010010100101001010010100101001010010100101001010
10010100101001010010100101001010010100101001010010100101001010010100101001010010
00101001010010100101001010010100101001010010100101001010010100101001010010100101
01010010100101001010010100101001010010100101001010010100101001010010100101001010
10010100101001010010100101001010010100101001010010100101001010010100101001010010
00101001010010100101001010010100101001010010100101001010010100101001010010100101
01010010100101001010010100101001010010100101001010010100101001010010100101001010
10010100101001010010100101001010010100101001010010100101001010010100101001010010
00101001010010100101001010010100101001010010100101001010010100101001010010100101